"x"
1
2
3
6
8
9
10
11
15
17
18
19
22
23
24
25
27
28
30
31
33
34
35
37
